1 0.00046382189239332097 0.002274375370822051 0.2639146567717996 0.002274375370822051 0.2639146567717996 0.9532269760696156 0.00046382189239332097 0.9532269760696156
1 0.15816326530612243 0.07314259344716197 0.42996289424860856 0.07314259344716197 0.42996289424860856 0.8246753246753247 0.15816326530612243 0.8246753246753247
1 0.3501855287569573 0.07808688773155775 0.5394248608534323 0.07808688773155775 0.5394248608534323 0.7274375370822072 0.3501855287569573 0.7274375370822072
1 0.4642857142857143 0.10610455534313401 0.6358998144712431 0.10610455534313401 0.6358998144712431 0.694475575186235 0.4642857142857143 0.694475575186235
1 0.576530612244898 0.13906651723910607 0.700834879406308 0.13906651723910607 0.700834879406308 0.6186630628254993 0.576530612244898 0.6186630628254993
1 0.641465677179963 0.14565890961830047 0.734230055658627 0.14565890961830047 0.734230055658627 0.5774606104555343 0.641465677179963 0.5774606104555343
1 0.6692949907235622 0.14565890961830047 0.7453617810760667 0.14565890961830047 0.7453617810760667 0.595589689498319 0.6692949907235622 0.595589689498319
1 0.6999072356215214 0.1506032039026963 0.7908163265306122 0.1506032039026963 0.7908163265306122 0.5609796295075482 0.6999072356215214 0.5609796295075482
1 0.7750463821892394 0.18026896960907113 0.8576066790352503 0.18026896960907113 0.8576066790352503 0.5148328828531873 0.7750463821892394 0.5148328828531873
1 0.8214285714285714 0.19510185246225853 0.9012059369202226 0.19510185246225853 0.9012059369202226 0.49340760762080554 0.8214285714285714 0.49340760762080554
