1 0.004807692307692311 0.44295656142152245 0.1736111111111111 0.44295656142152245 0.1736111111111111 0.6882433473089759 0.004807692307692311 0.6882433473089759
1 0.12126068376068375 0.431547873705827 0.26228632478632474 0.431547873705827 0.26228632478632474 0.6026781894412596 0.12126068376068375 0.6026781894412596
1 0.19070512820512817 0.45293916317275607 0.3295940170940171 0.45293916317275607 0.3295940170940171 0.6697042297709705 0.19070512820512817 0.6697042297709705
1 0.234508547008547 0.46292176492398956 0.4342948717948718 0.46292176492398956 0.4342948717948718 0.8066084823593166 0.234508547008547 0.8066084823593166
1 0.28685897435897434 0.47860871053307086 0.5934829059829059 0.47860871053307086 0.5934829059829059 0.9891474858104446 0.28685897435897434 0.9891474858104446
1 0.5197649572649573 0.44438264738598443 0.6554487179487178 0.44438264738598443 0.6554487179487178 0.6910955192378997 0.5197649572649573 0.6910955192378997
1 0.5913461538461537 0.42441744388351726 0.6607905982905984 0.42441744388351726 0.6607905982905984 0.5641738684007872 0.5913461538461537 0.5641738684007872
1 0.515491452991453 0.41586092809674563 0.5934829059829059 0.41586092809674563 0.5934829059829059 0.5342260631470864 0.515491452991453 0.5342260631470864
1 0.40651709401709396 0.4130087561678218 0.49732905982905984 0.4130087561678218 0.49732905982905984 0.5470608368272439 0.40651709401709396 0.5470608368272439
1 0.3295940170940171 0.4101565842388979 0.43322649572649574 0.4101565842388979 0.43322649572649574 0.4928695701776903 0.3295940170940171 0.4928695701776903
