1 0.22330729166666669 0.5529100529100529 0.408389136904762 0.5529100529100529 0.408389136904762 0.9034391534391533 0.22330729166666669 0.9034391534391533
1 0.722749255952381 0.39748677248677244 0.8501674107142858 0.39748677248677244 0.8501674107142858 0.6818783068783069 0.722749255952381 0.6818783068783069
1 0.8566778273809523 0.40079365079365076 0.9645647321428571 0.40079365079365076 0.9645647321428571 0.6570767195767196 0.8566778273809523 0.6570767195767196
1 0.8083147321428571 0.30820105820105814 0.9227120535714286 0.30820105820105814 0.9227120535714286 0.5231481481481481 0.8083147321428571 0.5231481481481481
1 0.7729724702380952 0.20568783068783067 0.8892299107142858 0.20568783068783067 0.8892299107142858 0.3908730158730158 0.7729724702380952 0.3908730158730158
1 0.6948474702380952 0.2354497354497354 0.8036644345238096 0.2354497354497354 0.8036644345238096 0.4123677248677248 0.6948474702380952 0.4123677248677248
1 0.5702194940476191 0.29497354497354494 0.6632254464285714 0.29497354497354494 0.6632254464285714 0.5347222222222222 0.5702194940476191 0.5347222222222222
1 0.5869605654761905 0.23048941798941797 0.6939174107142858 0.23048941798941797 0.6939174107142858 0.41898148148148145 0.5869605654761905 0.41898148148148145
1 0.5906808035714286 0.18088624338624334 0.6957775297619049 0.18088624338624334 0.6957775297619049 0.3330026455026455 0.5906808035714286 0.3330026455026455
1 0.6901971726190477 0.21560846560846558 0.795293898809524 0.21560846560846558 0.795293898809524 0.4123677248677248 0.6901971726190477 0.4123677248677248
1 0.6418340773809524 0.14947089947089942 0.7357700892857143 0.14947089947089942 0.7357700892857143 0.26190476190476186 0.6418340773809524 0.26190476190476186
1 0.6027715773809524 0.06018518518518516 0.717168898809524 0.06018518518518516 0.717168898809524 0.17261904761904756 0.6027715773809524 0.17261904761904756
1 0.48837425595238104 0.10317460317460313 0.5730096726190477 0.10317460317460313 0.5730096726190477 0.2552910052910053 0.48837425595238104 0.2552910052910053
1 0.4381510416666667 0.20568783068783067 0.5441778273809524 0.20568783068783067 0.5441778273809524 0.36772486772486773 0.4381510416666667 0.36772486772486773
1 0.4000186011904763 0.1263227513227513 0.49209449404761907 0.1263227513227513 0.49209449404761907 0.2552910052910053 0.4000186011904763 0.2552910052910053
1 0.3842075892857143 0.07671957671957669 0.4521019345238096 0.07671957671957669 0.4521019345238096 0.1759259259259259 0.3842075892857143 0.1759259259259259
1 0.2819010416666667 0.0899470899470899 0.36188616071428575 0.0899470899470899 0.36188616071428575 0.21726190476190474 0.2819010416666667 0.21726190476190474
1 0.3330543154761905 0.14616402116402114 0.41396949404761907 0.14616402116402114 0.41396949404761907 0.27347883597883593 0.3330543154761905 0.27347883597883593
1 0.28841145833333337 0.0337301587301587 0.3842075892857143 0.0337301587301587 0.3842075892857143 0.1511243386243386 0.28841145833333337 0.1511243386243386
1 0.18610491071428575 0.08498677248677244 0.2939918154761905 0.08498677248677244 0.2939918154761905 0.21560846560846558 0.18610491071428575 0.21560846560846558
1 0.20935639880952386 0.22387566137566137 0.2781808035714286 0.22387566137566137 0.2781808035714286 0.36441798941798936 0.20935639880952386 0.36441798941798936
1 0.24097842261904767 0.31646825396825395 0.37769717261904767 0.31646825396825395 0.37769717261904767 0.4867724867724868 0.24097842261904767 0.4867724867724868
1 0.16285342261904764 0.3611111111111111 0.3088727678571429 0.3611111111111111 0.3088727678571429 0.6107804232804233 0.16285342261904764 0.6107804232804233
1 0.0010230654761904975 0.4652777777777778 0.19633556547619052 0.4652777777777778 0.19633556547619052 0.769510582010582 0.0010230654761904975 0.769510582010582
1 0.061476934523809555 0.2585978835978836 0.20563616071428575 0.2585978835978836 0.20563616071428575 0.44708994708994704 0.061476934523809555 0.44708994708994704
1 0.3842075892857143 0.32969576719576715 0.4818638392857143 0.32969576719576715 0.4818638392857143 0.576058201058201 0.3842075892857143 0.576058201058201
1 0.42513020833333337 0.03869047619047616 0.49302455357142866 0.03869047619047616 0.49302455357142866 0.11805555555555551 0.42513020833333337 0.11805555555555551
1 0.9422433035714286 0.3098544973544973 0.99921875 0.3098544973544973 0.99921875 0.4634227257211125 0.9422433035714286 0.4634227257211125
