1 0.005876068376068382 0.10683760683760685 0.27297008547008544 0.10683760683760685 0.27297008547008544 0.5384615384615384 0.005876068376068382 0.5384615384615384
1 0.1436965811965812 0.11823361823361823 0.3520299145299145 0.11823361823361823 0.3520299145299145 0.4686609686609686 0.1436965811965812 0.4686609686609686
1 0.2686965811965812 0.12108262108262109 0.41720085470085466 0.12108262108262109 0.41720085470085466 0.41168091168091164 0.2686965811965812 0.41168091168091164
1 0.35096153846153844 0.11396011396011396 0.47168803418803423 0.11396011396011396 0.47168803418803423 0.37606837606837606 0.35096153846153844 0.37606837606837606
1 0.3979700854700855 0.11965811965811966 0.5208333333333334 0.11965811965811966 0.5208333333333334 0.3547008547008547 0.3979700854700855 0.3547008547008547
1 0.46527777777777773 0.10683760683760685 0.5592948717948718 0.10683760683760685 0.5592948717948718 0.3276353276353276 0.46527777777777773 0.3276353276353276
1 0.5090811965811965 0.10256410256410256 0.5870726495726495 0.10256410256410256 0.5870726495726495 0.2948717948717948 0.5090811965811965 0.2948717948717948
1 0.5721153846153846 0.09401709401709402 0.6415598290598291 0.09401709401709402 0.6415598290598291 0.2806267806267806 0.5721153846153846 0.2806267806267806
1 0.6041666666666666 0.09544159544159544 0.6768162393162392 0.09544159544159544 0.6768162393162392 0.2621082621082621 0.6041666666666666 0.2621082621082621
1 0.639423076923077 0.08404558404558404 0.7195512820512819 0.08404558404558404 0.7195512820512819 0.24074074074074073 0.639423076923077 0.24074074074074073
1 0.6821581196581197 0.07834757834757834 0.7483974358974359 0.07834757834757834 0.7483974358974359 0.21367521367521367 0.6821581196581197 0.21367521367521367
1 0.7751068376068375 0.07407407407407408 0.9001068376068375 0.07407407407407408 0.9001068376068375 0.18376068376068372 0.7751068376068375 0.18376068376068372
1 0.8221153846153846 0.10398860398860399 0.9663461538461537 0.10398860398860399 0.9663461538461537 0.22364672364672364 0.8221153846153846 0.22364672364672364
1 0.8028846153846153 0.1282051282051282 0.970619658119658 0.1282051282051282 0.970619658119658 0.25356125356125353 0.8028846153846153 0.25356125356125353
1 0.7558760683760684 0.17236467236467234 0.9813034188034188 0.17236467236467234 0.9813034188034188 0.5227920227920227 0.7558760683760684 0.5227920227920227
1 0.6682692307692307 0.25071225071225073 0.8979700854700855 0.25071225071225073 0.8979700854700855 0.613960113960114 0.6682692307692307 0.613960113960114
1 0.5411324786324786 0.2891737891737891 0.8221153846153846 0.2891737891737891 0.8221153846153846 0.6766381766381767 0.5411324786324786 0.6766381766381767
1 0.24198717948717946 0.4458689458689459 0.7847222222222221 0.4458689458689459 0.7847222222222221 0.9957264957264957 0.24198717948717946 0.9957264957264957
1 0.004807692307692311 0.6837606837606838 0.6971153846153846 0.6837606837606838 0.6971153846153846 0.9957264957264957 0.004807692307692311 0.9957264957264957
