1 0.04287574404761907 0.4594386306481707 0.2084263392857143 0.4594386306481707 0.2084263392857143 0.7887969497850247 0.04287574404761907 0.7887969497850247
1 0.10984002976190478 0.9283280603553177 0.2431048087077573 0.9283280603553177 0.2431048087077573 0.9982964224872232 0.10984002976190478 0.9982964224872232
1 0.19261532738095238 0.6525107487628782 0.351655505952381 0.6525107487628782 0.351655505952381 0.9640220653849274 0.19261532738095238 0.9640220653849274
1 0.37676711309523814 0.641153565344366 0.5237165178571429 0.641153565344366 0.5237165178571429 0.9818690678997324 0.37676711309523814 0.9818690678997324
1 0.7255394345238095 0.4480814472296585 0.8380766369047619 0.4480814472296585 0.8380766369047619 0.7952867688813174 0.7255394345238095 0.7952867688813174
1 0.5562686011904762 0.3523566155593413 0.6595052083333334 0.3523566155593413 0.6595052083333334 0.650888293988805 0.5562686011904762 0.650888293988805
1 0.6297433035714286 0.2387847813742192 0.7199590773809524 0.2387847813742192 0.7199590773809524 0.47566317838890243 0.6297433035714286 0.47566317838890243
1 0.6390438988095238 0.15279467834834107 0.7162388392857143 0.15279467834834107 0.7162388392857143 0.3393769773667559 0.6390438988095238 0.3393769773667559
1 0.6539248511904762 0.09600876125578002 0.724609375 0.09600876125578002 0.724609375 0.24202969092236556 0.6539248511904762 0.24202969092236556
1 0.7394903273809524 0.058692301452097057 0.8194754464285714 0.058692301452097057 0.8194754464285714 0.20633568589275575 0.7394903273809524 0.20633568589275575
1 0.8780691964285714 0.1446824044779752 0.9468936011904762 0.1446824044779752 0.9468936011904762 0.3263973391741705 0.8780691964285714 0.3263973391741705
1 0.9115513392857143 0.0797842135150483 0.9990234375 0.0797842135150483 0.9990234375 0.21349874008859973 0.9115513392857143 0.21349874008859973
1 0.9738653273809524 0.15441713312241426 0.9990234375 0.15441713312241426 0.9990234375 0.27667489483016416 0.9738653273809524 0.27667489483016416
1 0.8669084821428572 0.0019063843595360044 0.9366629464285714 0.0019063843595360044 0.9366629464285714 0.10736594467429224 0.8669084821428572 0.10736594467429224
1 0.7236793154761905 0.005151293907682351 0.7804129464285714 0.005151293907682351 0.7804129464285714 0.12034558286687758 0.7236793154761905 0.12034558286687758
1 0.5776599702380952 0.05058002758173117 0.6390438988095238 0.05058002758173117 0.6390438988095238 0.21282550498904845 0.5776599702380952 0.21282550498904845
1 0.5339471726190477 0.14143749492982888 0.6195126488095238 0.14143749492982888 0.6195126488095238 0.35397907033341447 0.5339471726190477 0.35397907033341447
1 0.43722098214285715 0.14954976880019472 0.5227864583333334 0.14954976880019472 0.5227864583333334 0.34911170601119496 0.43722098214285715 0.34911170601119496
1 0.36188616071428575 0.2890808793704876 0.48093377976190477 0.2890808793704876 0.48093377976190477 0.47079581406668297 0.36188616071428575 0.47079581406668297
1 0.33770461309523814 0.43185689948892675 0.5265066964285715 0.43185689948892675 0.5265066964285715 0.6752251155999026 0.33770461309523814 0.6752251155999026
1 0.21121651785714288 0.5048673643222196 0.38513764880952384 0.5048673643222196 0.38513764880952384 0.8001541332035369 0.21121651785714288 0.8001541332035369
1 0.2009858630952381 0.33126470349639003 0.3302641369047619 0.33126470349639003 0.3302641369047619 0.5859901030258782 0.2009858630952381 0.5859901030258782
