1 0.5819444444444445 0.12258737610850287 1.0 0.12258737610850287 1.0 1.0 0.5819444444444445 1.0
1 0.44618055555555564 0.20579029733959311 0.9447916666666667 0.20579029733959311 0.9447916666666667 0.7295252999478352 0.44618055555555564 0.7295252999478352
1 0.3961805555555556 0.2600417318727178 0.628125 0.2600417318727178 0.628125 0.6043296817944706 0.3961805555555556 0.6043296817944706
1 0.3559027777777778 0.26943140323422016 0.41631944444444446 0.26943140323422016 0.41631944444444446 0.4958268127282212 0.3559027777777778 0.4958268127282212
1 0.33298611111111115 0.2642149191444966 0.3836805555555556 0.2642149191444966 0.3836805555555556 0.45618153364632247 0.33298611111111115 0.45618153364632247
1 0.31979166666666664 0.284037558685446 0.3524305555555556 0.284037558685446 0.3524305555555556 0.4061032863849766 0.31979166666666664 0.4061032863849766
1 0.2815972222222222 0.2861241523213354 0.328125 0.2861241523213354 0.328125 0.3800208659363589 0.2815972222222222 0.3800208659363589
1 0.0003472222222222262 0.301773604590506 0.03298611111111112 0.301773604590506 0.03298611111111112 0.4207094418362024 0.0003472222222222262 0.4207094418362024
1 0.053819444444444454 0.2976004173187272 0.08229166666666667 0.2976004173187272 0.08229166666666667 0.3946270213875848 0.053819444444444454 0.3946270213875848
1 0.13090277777777778 0.29134063641105895 0.16493055555555558 0.29134063641105895 0.16493055555555558 0.34767866458007307 0.13090277777777778 0.34767866458007307
0 0.17395833333333333 0.26630151278038605 0.2357638888888889 0.26630151278038605 0.2357638888888889 0.4050599895670318 0.17395833333333333 0.4050599895670318
